
2.1滚筒驱动器上线回复：
AA AA 01 00 00 00 0B 00 01 01 90 

2.2滚筒模块参数配置： 站号2
AA AA 01 00 00 00 19 00 19 02 10 02 00 01 00 01 00 00 00 05 00  01 00  02 00

2.3滚筒模块参数读取：1003  站号2
AA AA 01 00 00 00 0C 00 01 03 10 02

2.4滚筒输送线区域初始化信息 1个滚筒 3号
AA AA 01 00 00 00 23 00 01 04 10 01 02 01 02 01 00 01 00 01 00 01 00 03 00 02 00 00 00 00 00 00 00 00 00  

2.8 启停电滚筒 1个滚筒  3号
AA AA 01 00 00 00 13 00 01 09 10 00 00 00 00 01 00 01 00
全部
AA AA 01 00 00 00 27 00 01 09 10 00 00 01 00 0B 00 01 00 02 00 03 00 04 00 05 00 06 00 07 00 08 00 09 00 0A 00 0B 00 


2.4滚筒输送线区域初始化信息 全部
AA AA 01 00 00 00 11 01 01 04 10     01 00 00 03 01 00 01 00 12 00 
02 00 02 00 02 00 00 00 14 00 00 00 00 00    14 00 14 00 03 00 03 00 0D 00 02 00 21 00   03 00 03 00 02 00 14 00 00 00 00 00 00 00 
21 00 05 00 02 00 14 00 20 00 00 00 00 00    20 00 05 00 01 00 21 00 13 00 00 00 00 00   13 00 13 00 03 00 07 00 04 00 20 00 08 00 
07 00 07 00 02 00 00 00 13 00 00 00 00 00    08 00 08 00 02 00 13 00 00 00 00 00 00 00   04 00 04 00 02 00 13 00 12 00 00 00 00 00
12 00 12 00 03 00 04 00 0A 00 22 00 09 00    09 00 09 00 02 00 12 00 00 00 00 00 00 00   0A 00 0A 00 02 00 12 00 00 00 00 00 00 00
22 00 0C 00 02 00 00 00 00 00 00 00 00 00    23 00 0C 00 01 00 00 00 00 00 00 00 00 00   11 00 11 00 03 00 00 00 00 00 00 00 00 00
0D 00 0D 00 02 00 00 00 00 00 00 00 00 00    0E 00 0E 00 02 00 00 00 00 00 00 00 00 00   0F 00 0F 00 02 00 00 00 00 00 00 00 00 00
 

2.5包裹输送命令
1- 7
AA AA 01 00 00 00 1F 00 01 05 10 01 00 00 00 07 00 01 00 02 00 03 00 04 00 05 00 06 00 07 00
1-9
AA AA 01 00 00 00 23 00 01 05 10 01 00 00 00 09 00 01 00 02 00 03 00 04 00 05 00 06 00 07 00 08 00 09 00

7 19 32 33 
AA AA 01 00 00 00 19 00 01 05 10 01 00 00 00 04 00 07 00 13 00 20 00 21 00


AA AA 01 00 00 00 C1 00 09 08 10 
12 00 
12 00 00 00 00 00 00 00 00 00 
20 00 00 00 00 00 00 00 00 00 
21 00 00 00 00 00 00 00 00 00 
03 00 00 00 00 00 00 00 00 00 
0A 00 00 00 00 00 00 00 00 00 
13 00 00 02 00 00 00 00 00 00 
22 00 00 00 00 00 00 00 00 00 
23 00 00 00 00 00 00 00 00 00 
11 00 00 02 00 00 00 00 00 00 
0D 00 00 00 00 00 00 00 00 00 
08 00 00 00 00 00 00 00 00 00 
07 00 00 00 00 00 00 00 00 00 
02 00 00 00 00 00 00 00 00 00 
09 00 00 00 00 00 00 00 00 00 
0E 00 00 00 00 00 00 00 00 00 
04 00 00 00 00 00 00 00 00 00 
0F 00 00 00 00 00 00 00 00 00 
14 00 00 02 00 00 00 00 00 00 


