
2.1滚筒驱动器上线回复：
AA AA 01 00 00 00 0B 00 01 01 90 

2.2滚筒模块参数配置： 站号2
AA AA 01 00 00 00 19 00 19 02 10 02 00 01 00 01 00 00 00 05 00  01 00  02 00

2.3滚筒模块参数读取：1003  站号2
AA AA 01 00 00 00 0C 00 01 03 10 02

2.4滚筒输送线区域初始化信息 2.3.4.5.6 4顶升模块
1 7个
AA AA 01 00 00 00 61 00 01 04 10    06 00     01 00 02 00 01 00 00 00 02 00 00 00 00 00   02 00 03 00 01 00 01 00 04 00 00 00 00 00

04 00 05 00 01 00 02 00 05 00 00 00 04 00   05 00 06 00 01 00 04 00 06 00 00 00 04 00  06 00 07 00 01 00 05 00 07 00 00 00 04 00

07 00 08 00 01 00 06 00 00 00 00 00 04 00


AA AA 01 00 00 00 6F 00 01 04 10    07 00     01 00 02 00 01 00 00 00 02 00 00 00 00 00   02 00 03 00 01 00 01 00 03 00 00 00 00 00

03 00 04 00 03 00 00 00 02 00 00 00 04 00     04 00 05 00 01 00 03 00 05 00 00 00 00 00   05 00 06 00 01 00 04 00 06 00 00 00 04 00  06 00 07 00 01 00 05 00 07 00 00 00 04 00

07 00 08 00 01 00 06 00 00 00 00 00 04 00



AA AA 01 00 00 00 A7 00 01 04 10    0B 00     01 00 02 00 01 00 00 00 02 00 00 00 00 00   02 00 03 00 01 00 01 00 03 00 00 00 00 00

03 00 04 00 03 00 00 00 02 00 00 00 04 00     04 00 05 00 01 00 03 00 05 00 00 00 00 00   05 00 06 00 01 00 04 00 06 00 00 00 04 00  06 00 07 00 01 00 05 00 07 00 00 00 04 00

07 00 08 00 01 00 06 00 00 00 00 00 04 00     08 00 09 00 03 00 09 00 0B 00 07 00 0A 00    09 00 0A 00 01 00 08 00 00 00 00 00 00 00   
0A 00 0B 00 01 00 08 00 00 00 00 00 00 00    0B 00 0C 00 01 00 08 00 00 00 00 00 00 00

2.5包裹输送命令
1- 7
AA AA 01 00 00 00 1F 00 01 05 10 01 00 00 00 07 00 01 00 02 00 03 00 04 00 05 00 06 00 07 00
1-9
AA AA 01 00 00 00 23 00 01 05 10 01 00 00 00 09 00 01 00 02 00 03 00 04 00 05 00 06 00 07 00 08 00 09 00

2.8 启停电滚筒 1009
AA AA 01 00 00 00 13 00 01 09 10 00 00 01 00 01 00 01 00


AA AA 01 00 00 00 27 00 01 09 10 00 00 01 00 0B 00 01 00 02 00 03 00 04 00 05 00 06 00 07 00 08 00 09 00 0A 00 0B 00 